# 10 April 2019
# Day 1 - Intro to R
# UWC
# Maria Ingreso

apples <- c(5.3,7.8,19.4,1)
